function [colors] = tab20b()

% TAB20B  is the tab20b colormap from Python matplotlib.
%
% Input:
%     (None)
%
% Output
%     colors : (20x3) table of colors that are useful to plot with
%
% Prototype:
%     colors = matspace.plotting.colors.tab20b();
%     assert(all(size(colors) == [20 3]));
%     assert(min(colors, [], 'all') >= 0);
%     assert(max(colors, [], 'all') <= 1);
%     % plotting example:
%     s = surf(peaks);
%     colormap('matspace.plotting.colors.tab20b');
%     colorbar;
%
%     % Close plot
%     close(s.Parent.Parent);
%
% See Also:
%     matspace.plotting.colors.get_python_colormap, colormap
%
% Change Log:
%     1.  Written by David C. Stauffer in January 2026.

% matspace.plotting.colors.get_python_colormap('tab20b')
colors = [...
     0.223529411764706         0.231372549019608         0.474509803921569
      0.32156862745098         0.329411764705882          0.63921568627451
     0.419607843137255         0.431372549019608         0.811764705882353
     0.611764705882353         0.619607843137255         0.870588235294118
     0.388235294117647         0.474509803921569         0.223529411764706
     0.549019607843137         0.635294117647059          0.32156862745098
     0.709803921568627         0.811764705882353         0.419607843137255
     0.807843137254902         0.858823529411765         0.611764705882353
     0.549019607843137         0.427450980392157         0.192156862745098
     0.741176470588235         0.619607843137255         0.223529411764706
     0.905882352941176         0.729411764705882          0.32156862745098
     0.905882352941176         0.796078431372549         0.580392156862745
     0.517647058823529         0.235294117647059         0.223529411764706
      0.67843137254902         0.286274509803922         0.290196078431373
      0.83921568627451         0.380392156862745         0.419607843137255
     0.905882352941176         0.588235294117647         0.611764705882353
     0.482352941176471         0.254901960784314         0.450980392156863
     0.647058823529412         0.317647058823529         0.580392156862745
     0.807843137254902         0.427450980392157         0.741176470588235
     0.870588235294118         0.619607843137255          0.83921568627451];